30 99
0 1
0 8
0 9
0 11
0 16
0 18
0 22
0 25
1 2
1 6
1 7
1 9
1 11
1 14
1 17
1 22
1 25
1 28
2 7
2 10
2 16
2 28
3 4
3 6
3 10
3 12
4 13
4 26
5 15
5 24
5 26
5 28
6 16
6 17
6 20
6 26
6 29
7 9
7 13
7 18
7 21
7 23
7 24
7 25
7 26
8 16
8 19
8 21
8 24
8 29
9 15
9 16
9 17
9 24
10 14
10 25
10 26
10 27
11 14
11 19
12 14
12 17
12 25
12 26
13 14
13 17
13 23
13 28
14 18
14 19
14 22
14 26
15 16
15 17
15 20
15 24
16 17
16 25
16 28
17 19
17 23
17 25
17 27
17 28
19 21
19 24
20 28
21 24
21 27
22 23
22 26
23 26
23 29
24 25
24 27
25 28
25 29
26 27
27 28
