30 95
0 7
0 8
0 10
0 13
0 20
0 22
0 23
0 27
0 29
1 2
1 5
1 9
1 11
1 20
2 8
2 11
2 20
2 22
2 27
3 5
3 9
3 11
3 18
3 21
3 24
4 5
4 11
4 13
4 19
4 24
5 6
5 12
5 24
5 27
6 12
6 16
6 18
6 19
6 25
6 28
7 12
7 13
7 15
7 17
7 18
7 25
8 13
8 14
8 16
8 18
8 19
8 20
8 23
8 29
9 12
9 14
9 23
9 25
9 27
9 29
10 16
10 18
10 19
10 29
11 12
11 15
11 18
12 18
12 21
13 17
13 18
13 19
13 20
14 25
15 19
15 20
15 23
15 25
15 26
16 20
16 22
17 20
17 29
19 23
19 24
20 21
20 22
20 29
21 23
21 24
22 28
23 29
24 25
24 29
26 29
