30 92
0 7
0 9
0 11
0 17
0 22
0 23
1 2
1 10
1 14
1 16
1 19
1 24
1 27
2 4
2 10
2 13
2 17
2 19
2 21
2 25
2 26
2 27
3 7
3 28
3 29
4 10
4 20
4 21
5 10
5 16
5 19
5 21
6 7
6 13
6 16
6 20
6 22
7 12
7 19
7 21
7 23
8 17
8 28
9 10
9 15
9 19
9 24
9 27
10 20
10 21
10 23
10 28
11 13
11 16
11 17
11 19
11 23
11 24
12 18
12 21
12 24
12 26
12 28
13 17
13 20
13 21
13 24
13 28
14 18
14 21
15 23
15 24
15 26
15 27
16 27
17 19
17 25
17 29
18 20
19 23
19 27
19 28
20 22
20 26
21 23
21 24
21 26
22 23
22 28
24 25
25 27
26 28
