30 131
0 5
0 12
0 13
0 16
0 20
0 23
0 26
1 8
1 11
1 12
1 15
1 16
1 17
1 19
1 24
1 28
2 6
2 10
2 12
2 15
2 24
2 26
3 5
3 7
3 10
3 11
3 19
3 22
3 24
4 10
4 11
4 13
4 18
4 24
4 27
4 28
5 9
5 10
5 11
5 15
5 19
5 20
5 22
5 23
5 28
6 8
6 12
6 13
6 15
6 19
6 20
6 23
6 28
7 9
7 13
7 16
7 20
7 22
8 14
8 23
8 24
8 25
8 26
8 27
8 28
9 13
9 14
9 15
9 16
9 18
9 22
9 23
9 27
10 11
10 13
10 18
10 24
10 28
11 13
11 16
11 18
11 20
11 21
11 22
11 26
12 16
12 21
12 23
12 26
12 27
12 29
13 21
13 22
13 25
14 18
14 19
14 24
14 25
14 28
15 16
15 19
15 21
15 22
15 23
15 24
16 19
16 21
16 25
16 26
17 25
17 28
18 19
18 23
19 21
19 22
19 26
20 23
20 25
20 29
21 27
21 29
22 23
22 25
22 27
23 24
23 25
23 26
23 28
23 29
24 28
25 29
