30 136
0 3
0 6
0 8
0 15
0 17
0 18
0 23
0 24
0 27
0 28
1 3
1 19
1 23
1 24
2 3
2 5
2 7
2 9
2 13
2 14
2 15
2 18
2 20
2 23
2 25
2 29
3 4
3 5
3 7
3 8
3 9
3 10
3 12
3 13
3 20
3 21
3 22
3 23
3 25
3 29
4 6
4 13
4 19
4 21
4 24
4 27
4 28
5 6
5 7
5 8
5 10
5 15
6 9
6 12
6 15
6 16
6 18
6 19
6 21
6 24
7 11
7 17
7 18
7 19
7 21
7 24
7 29
8 9
8 14
8 19
8 23
8 27
9 13
9 17
9 23
9 27
10 13
10 15
10 21
10 22
10 28
11 15
11 21
11 26
11 27
11 28
12 13
12 14
12 15
12 17
12 18
12 20
12 21
12 24
12 26
12 27
13 17
13 24
13 25
13 29
14 18
14 20
14 21
14 22
14 23
15 17
15 18
15 20
15 28
15 29
16 18
16 20
16 22
16 25
17 20
17 26
17 27
17 29
18 21
18 26
18 28
19 21
19 24
20 24
20 28
21 22
21 24
21 29
22 25
22 26
23 27
23 29
24 25
24 27
24 28
26 28
