30 136
0 1
0 3
0 4
0 5
0 6
0 7
0 10
0 11
0 13
0 15
0 16
0 18
0 21
0 25
0 26
0 27
0 29
1 3
1 5
1 7
1 11
1 13
1 16
1 20
1 29
2 4
2 6
2 8
2 11
2 15
2 22
2 23
2 25
2 29
3 5
3 6
3 9
3 12
3 13
3 18
3 24
3 27
4 6
4 8
4 15
4 19
4 20
4 26
4 27
4 28
5 8
5 9
5 12
5 17
5 25
5 28
6 7
6 10
6 11
6 13
6 16
6 18
6 20
7 9
7 10
7 12
7 23
7 28
8 12
8 21
8 27
9 13
9 23
9 24
9 27
10 21
10 23
10 27
10 29
11 13
11 16
11 25
11 26
12 13
12 14
12 15
12 16
12 17
12 18
12 22
12 23
12 27
13 16
13 17
13 22
13 23
13 28
14 15
14 16
14 18
14 21
14 23
14 29
15 16
15 17
15 18
15 23
15 26
15 27
16 17
16 19
16 22
16 25
16 26
16 27
16 29
17 18
17 29
18 27
18 29
19 22
19 25
20 21
20 23
20 24
20 29
21 22
21 24
22 23
22 27
23 25
23 28
23 29
27 28
27 29
28 29
