40 89
0 12
0 14
0 20
0 23
1 3
1 13
1 32
1 33
1 34
2 16
2 19
2 23
2 24
2 34
3 6
3 13
3 32
3 33
3 36
4 5
4 7
4 14
4 21
4 22
4 24
4 25
4 31
4 33
5 14
5 32
6 13
6 32
7 16
8 35
10 18
10 28
10 36
11 17
11 24
11 33
12 19
12 20
12 22
12 37
13 16
13 31
13 38
13 39
14 19
14 20
14 23
14 27
14 28
14 29
14 31
14 36
15 17
15 37
16 28
16 39
17 24
17 36
17 38
18 21
18 28
18 39
19 38
19 39
20 26
20 37
21 22
21 23
21 24
21 37
22 30
22 36
22 39
23 29
23 37
24 30
24 35
24 37
25 26
25 27
26 38
27 39
28 36
29 31
35 36
