40 161
0 1
0 9
0 12
0 26
0 29
0 33
0 35
0 37
0 39
1 2
1 10
1 14
1 30
1 33
1 38
1 39
2 8
2 10
2 13
2 18
2 21
2 28
2 29
2 31
2 33
2 37
3 10
3 11
3 13
3 15
3 29
3 31
4 6
4 16
4 17
4 19
4 21
4 22
4 24
4 28
4 39
5 6
5 20
5 23
5 27
5 37
6 9
6 15
6 16
6 19
6 25
6 27
7 11
7 14
7 18
7 35
7 37
8 12
8 33
8 34
8 35
8 38
9 11
9 13
9 14
9 25
9 27
9 28
9 35
9 38
9 39
10 14
10 22
10 27
10 38
11 19
11 24
11 26
11 27
11 31
11 32
11 33
11 34
11 37
12 18
12 19
12 29
12 35
13 17
13 18
13 22
13 23
13 37
14 15
14 20
14 25
14 28
14 30
14 31
15 20
15 25
15 28
15 38
16 18
16 19
16 21
16 22
16 34
16 37
16 38
17 20
17 21
17 37
18 22
18 24
18 31
18 36
18 37
19 32
19 33
19 36
19 37
20 22
20 23
20 27
20 28
20 36
21 23
21 27
21 33
21 36
22 25
22 37
23 26
23 31
23 39
24 32
25 33
25 35
26 29
27 38
28 31
28 33
28 35
28 38
28 39
30 33
31 34
31 36
32 34
32 35
32 38
33 34
33 35
33 39
34 36
34 37
34 39
36 37
36 39
37 39
