40 161
0 1
0 12
0 17
0 22
0 24
0 25
0 27
0 38
1 4
1 8
1 9
1 11
1 24
1 28
1 32
2 9
2 22
3 6
3 7
3 9
3 10
3 12
3 15
3 22
3 23
3 27
3 32
4 12
4 13
4 18
4 20
4 23
4 37
5 10
5 11
5 19
5 23
5 28
5 31
5 36
6 17
6 25
6 28
6 30
6 34
6 38
7 9
7 23
7 32
7 35
7 38
8 12
8 13
8 14
8 15
8 27
8 33
9 11
9 17
9 23
9 26
9 35
9 36
9 39
10 16
10 23
10 27
10 38
10 39
11 17
11 19
11 21
11 24
11 25
11 36
12 14
12 16
12 20
12 23
12 33
13 16
13 24
13 33
13 36
13 37
14 16
14 19
14 22
14 34
15 17
15 18
15 22
15 25
15 31
15 32
15 35
15 36
16 18
16 28
16 31
16 32
16 33
16 36
17 27
17 29
17 31
18 20
18 24
18 29
18 35
18 37
18 39
19 20
19 25
19 26
19 28
19 31
19 38
19 39
20 24
20 26
20 29
20 31
20 33
20 37
21 24
21 26
21 31
22 35
22 38
22 39
23 24
23 27
23 29
23 34
23 38
24 31
24 35
24 36
25 28
25 31
25 34
26 27
26 33
26 35
28 30
28 39
30 31
30 32
30 34
30 37
30 38
31 32
31 36
31 38
31 39
32 33
35 37
36 39
37 38
38 39
