40 151
0 1
0 5
0 12
0 18
0 24
0 29
0 34
0 36
1 4
1 11
1 23
1 30
1 32
1 34
1 36
1 39
2 5
2 14
2 19
2 29
3 6
3 7
3 9
3 10
3 11
3 22
3 23
3 33
3 34
3 37
3 38
4 5
4 7
4 21
4 23
4 29
5 11
5 13
5 17
5 23
5 29
5 32
5 34
5 37
5 39
6 8
6 11
6 14
6 15
6 35
7 9
7 11
7 13
7 18
7 24
7 26
7 32
7 37
8 11
8 17
8 19
8 20
8 30
9 18
9 19
9 29
9 30
9 32
10 13
10 20
10 31
10 32
10 35
10 37
11 18
11 19
11 27
11 28
12 15
12 18
12 28
12 32
12 33
12 34
13 30
13 34
13 38
14 15
14 16
14 19
14 28
14 31
14 34
14 35
15 19
15 22
15 32
15 38
16 21
16 23
16 24
16 25
16 28
16 33
16 35
16 36
16 39
17 26
17 29
17 30
17 32
17 33
17 36
18 36
19 24
19 38
20 22
20 24
20 29
20 31
20 34
20 37
22 25
22 28
22 34
23 27
23 28
23 34
23 35
23 38
24 30
24 37
25 38
26 29
26 32
26 35
26 39
27 29
27 30
27 39
28 31
28 35
29 32
29 34
30 36
30 37
31 35
31 37
31 38
35 38
38 39
