40 223
0 4
0 5
0 10
0 14
0 15
0 16
0 17
0 18
0 20
0 22
0 25
0 27
0 30
0 34
0 37
0 39
1 3
1 4
1 6
1 7
1 10
1 13
1 15
1 17
1 20
1 24
1 34
1 36
1 37
2 3
2 5
2 11
2 16
2 23
2 24
2 31
2 33
2 34
2 38
3 7
3 11
3 12
3 15
3 17
3 18
3 20
3 21
3 29
3 33
3 38
3 39
4 5
4 7
4 8
4 12
4 21
4 23
4 24
4 25
4 29
4 31
4 35
4 39
5 12
5 17
5 18
5 19
5 22
5 27
5 29
5 32
5 38
5 39
6 8
6 11
6 12
6 13
6 16
6 17
6 18
6 25
6 26
6 27
6 28
6 31
6 33
7 10
7 11
7 13
7 15
7 16
7 17
7 18
7 19
7 22
7 28
7 37
7 39
8 9
8 13
8 18
8 19
8 20
8 23
8 31
9 15
9 19
9 25
9 30
9 37
9 38
9 39
10 17
10 18
10 21
10 28
10 30
10 32
10 38
11 14
11 17
11 23
11 27
11 30
11 37
11 39
12 14
12 18
12 22
12 30
12 38
13 16
13 21
13 28
13 31
13 38
13 39
14 16
14 17
14 18
14 28
14 36
15 16
15 31
15 36
15 37
15 39
16 20
16 21
16 23
16 24
16 26
16 35
16 39
17 18
17 19
17 21
17 22
17 25
17 27
17 29
17 30
17 34
18 20
18 21
18 23
18 24
18 29
18 32
18 36
18 37
19 29
19 30
19 32
19 38
20 22
20 27
20 30
20 33
20 34
20 39
21 25
21 28
21 33
21 39
22 23
22 31
22 32
22 34
23 30
23 33
23 34
23 36
23 37
24 25
24 27
25 29
25 33
25 34
26 27
26 28
27 29
27 31
27 32
28 31
28 34
28 38
29 30
29 31
29 32
29 38
30 32
30 33
30 35
31 33
31 34
32 33
32 34
32 37
34 38
35 36
35 38
37 38
