40 231
0 2
0 4
0 5
0 6
0 12
0 13
0 15
0 16
0 20
0 21
0 24
0 28
0 32
0 34
0 35
0 36
1 2
1 3
1 5
1 12
1 14
1 15
1 23
1 25
1 29
1 31
1 35
1 37
1 38
2 9
2 17
2 18
2 21
2 26
2 30
2 32
2 33
3 8
3 9
3 11
3 23
3 27
3 29
3 30
3 31
3 35
4 14
4 15
4 16
4 19
4 21
4 24
4 25
4 33
4 36
4 38
4 39
5 7
5 12
5 14
5 18
5 20
5 23
5 24
5 25
5 33
5 34
5 35
5 36
6 14
6 18
6 22
6 26
6 29
6 33
6 35
6 37
6 38
7 16
7 17
7 21
7 22
7 26
7 36
7 37
7 39
8 9
8 16
8 18
8 19
8 21
8 27
8 31
8 35
8 37
9 10
9 12
9 13
9 14
9 16
9 18
9 30
9 31
9 39
10 11
10 13
10 14
10 18
10 22
10 27
10 30
10 34
10 35
10 36
10 38
11 16
11 17
11 18
11 22
11 23
11 25
11 26
11 31
11 32
11 35
11 38
11 39
12 16
12 18
12 22
12 27
12 29
12 30
12 38
13 17
13 18
13 19
13 26
13 33
14 17
14 18
14 22
14 23
14 26
14 28
14 31
14 34
14 36
14 38
14 39
15 16
15 20
15 21
15 22
15 25
15 26
15 31
15 32
15 33
16 18
16 23
16 24
16 27
16 30
16 35
16 37
17 24
17 25
17 27
17 28
17 35
17 37
18 22
18 25
18 26
18 31
18 33
18 36
18 38
19 22
19 25
19 28
19 29
19 33
20 22
20 24
20 25
20 27
20 28
20 33
20 34
20 36
20 38
21 24
21 25
21 30
22 25
22 26
22 28
23 24
23 27
23 29
23 32
23 33
23 34
23 35
24 32
24 34
25 26
25 28
25 31
25 38
26 28
26 36
26 37
27 31
27 39
28 31
29 34
29 35
30 33
30 34
30 36
30 39
31 37
31 39
32 33
32 39
34 35
36 37
37 38
