40 221
0 3
0 6
0 15
0 21
0 25
0 26
0 30
0 33
0 36
1 13
1 17
1 19
1 21
2 3
2 8
2 9
2 16
2 18
2 23
2 24
2 25
2 26
2 28
2 38
3 5
3 6
3 14
3 15
3 16
3 17
3 19
3 23
3 24
3 31
3 34
3 35
4 7
4 15
4 16
4 21
4 22
4 23
4 27
4 38
5 7
5 11
5 12
5 17
5 25
5 27
5 28
5 32
5 35
5 39
6 7
6 12
6 13
6 14
6 15
6 18
6 19
6 21
6 22
6 23
6 24
6 27
6 31
6 32
6 33
6 35
6 37
7 11
7 21
7 26
7 30
7 31
7 33
7 35
8 11
8 13
8 15
8 26
8 32
8 35
9 16
9 18
9 23
9 24
9 28
9 29
9 31
9 33
10 15
10 17
10 19
10 20
10 23
10 24
10 31
10 36
11 12
11 14
11 16
11 23
11 25
11 26
11 29
11 31
11 39
12 14
12 19
12 23
12 25
12 28
12 32
12 33
12 34
12 35
13 14
13 17
13 18
13 20
13 28
13 32
13 38
14 16
14 19
14 20
14 26
14 27
14 31
14 32
14 33
14 39
15 18
15 20
15 24
15 31
15 36
15 38
15 39
16 18
16 19
16 20
16 32
16 34
17 19
17 20
17 22
17 23
17 25
17 34
17 36
18 19
18 21
18 23
18 25
18 36
18 37
19 22
19 23
19 26
19 27
19 33
19 35
19 36
19 37
20 25
20 27
20 29
20 30
20 32
20 35
21 30
21 36
22 24
22 26
22 29
22 30
23 25
23 26
23 33
23 36
23 38
24 25
24 28
24 29
24 33
24 34
24 35
24 36
24 38
25 29
25 35
26 29
27 28
27 30
27 32
27 33
27 36
27 38
27 39
28 30
28 31
28 38
28 39
29 33
29 38
30 33
30 35
30 36
30 37
31 39
32 35
32 36
33 36
33 37
33 39
34 35
34 37
35 36
