50 103
0 6
0 34
0 44
1 16
1 20
1 23
1 27
2 7
2 14
2 16
2 32
2 43
2 46
3 15
3 27
3 35
4 5
4 11
4 23
4 30
4 36
5 38
6 11
6 14
6 21
7 22
7 47
8 23
8 33
8 44
9 14
9 15
9 26
9 35
10 15
10 35
10 37
11 12
12 18
12 19
12 25
12 27
12 40
13 21
13 24
13 29
13 37
13 43
14 20
14 23
14 41
14 42
15 33
15 35
16 35
16 39
17 23
17 26
17 32
17 34
17 36
18 26
18 31
18 41
19 41
19 44
20 28
20 31
21 30
22 39
22 48
24 28
24 47
25 26
25 36
25 40
25 43
26 28
26 29
26 39
29 40
30 43
30 46
30 47
31 33
31 47
31 48
31 49
33 35
33 38
34 35
34 46
35 38
35 45
35 48
36 37
36 49
37 42
37 43
39 49
41 43
42 47
44 49
