50 122
0 12
0 13
0 18
0 40
0 48
1 27
1 29
1 36
1 38
1 41
2 5
2 14
2 18
2 19
2 23
4 15
4 22
4 31
4 43
5 13
5 22
5 29
5 43
6 30
7 15
7 48
8 18
8 29
8 40
8 42
9 10
9 14
9 16
9 17
9 19
9 25
9 41
9 48
9 49
10 24
11 34
11 47
12 18
12 34
12 49
13 15
13 21
13 30
13 43
13 47
14 21
14 29
14 32
14 44
15 16
15 22
15 29
15 35
15 45
15 49
16 17
16 30
16 33
16 44
16 46
16 47
17 19
17 27
17 48
18 30
18 45
19 43
19 47
21 49
22 30
22 36
22 38
22 39
23 29
23 32
23 33
23 48
23 49
24 27
24 40
24 43
24 49
25 28
25 29
25 40
25 43
25 48
26 29
26 34
26 35
26 49
27 28
27 34
27 35
29 30
29 49
30 44
30 45
31 39
32 34
32 39
32 49
33 45
35 43
35 46
35 48
36 37
36 38
36 47
37 49
38 42
39 45
40 46
40 47
43 46
46 48
47 49
