50 130
0 2
0 19
0 20
0 27
0 35
0 39
1 12
1 14
1 35
2 12
2 34
2 39
2 49
3 7
3 10
3 20
3 26
3 39
3 44
4 7
4 8
4 16
4 17
4 29
5 30
6 14
6 23
6 26
6 27
6 31
6 46
6 48
7 21
7 37
8 21
8 24
8 39
8 43
8 47
9 12
9 28
9 29
9 31
9 36
9 39
9 43
9 49
10 15
10 19
10 31
10 36
10 38
10 49
11 14
11 16
11 31
11 38
11 39
11 42
11 49
12 21
12 22
12 24
12 35
12 44
13 15
13 16
13 26
13 35
13 36
13 39
13 42
13 46
14 24
14 27
14 32
14 36
14 42
15 17
15 22
15 36
15 45
16 18
16 39
16 42
16 44
18 19
18 22
19 22
19 43
19 46
20 37
20 45
20 47
21 26
21 33
21 42
22 25
22 32
22 34
22 38
22 48
22 49
23 29
23 32
23 42
24 26
24 33
24 35
25 40
25 42
25 44
26 47
27 30
27 34
28 36
30 46
31 48
31 49
32 45
32 47
33 40
33 44
34 37
34 46
35 37
39 42
41 47
42 44
46 49
