50 233
0 2
0 5
0 6
0 7
0 8
0 9
0 11
0 13
0 16
0 20
0 22
0 24
0 31
0 33
0 38
0 39
0 48
0 49
1 3
1 16
1 18
1 19
1 20
1 22
1 24
1 27
1 40
1 42
1 44
1 49
2 3
2 8
2 12
2 35
3 10
3 20
3 21
3 35
3 42
3 43
3 48
4 15
4 16
4 22
4 25
4 28
4 49
5 6
5 9
5 17
5 19
5 30
5 42
5 48
6 15
6 21
6 31
6 47
7 19
7 26
7 27
7 28
7 31
7 34
7 44
7 46
8 15
8 31
8 36
8 37
8 47
9 18
9 26
9 29
9 34
9 37
9 42
9 43
9 45
9 47
9 49
10 22
10 28
10 40
10 47
11 12
11 13
11 15
11 39
11 40
11 43
12 18
12 21
12 23
12 27
12 28
12 29
12 32
12 35
12 40
12 42
12 44
12 45
13 15
13 16
13 17
13 19
13 40
13 43
14 17
14 23
14 25
14 26
14 29
14 33
14 36
14 39
14 44
14 49
15 17
15 21
15 24
15 26
15 31
15 40
15 42
15 49
16 26
16 31
16 34
16 45
16 47
17 20
17 22
17 28
17 30
17 48
18 19
18 41
18 46
18 49
19 23
19 31
19 35
19 39
19 49
20 34
20 35
20 42
20 43
20 45
21 27
21 31
21 33
21 36
21 38
22 24
22 25
22 26
22 33
22 38
22 44
23 28
23 33
23 36
23 40
23 49
24 31
24 34
24 43
25 40
25 46
26 29
26 30
26 33
26 36
26 41
26 43
26 45
26 47
27 28
27 30
27 34
27 37
27 38
27 47
28 34
28 35
28 39
28 44
28 49
29 32
29 34
29 40
29 41
29 48
30 35
30 39
30 40
30 45
31 35
31 49
32 34
32 35
32 38
32 41
32 42
32 44
33 41
33 42
33 43
34 35
35 36
35 40
35 42
35 43
35 45
35 48
36 38
36 42
37 48
38 39
38 40
39 42
39 45
39 47
40 42
40 48
40 49
41 48
42 44
44 46
47 48
