50 280
0 1
0 2
0 10
0 12
0 22
0 31
0 33
0 37
0 41
0 47
1 2
1 3
1 8
1 15
1 19
1 24
1 25
1 27
1 29
1 32
2 4
2 10
2 14
2 15
2 16
2 20
2 29
2 31
2 34
2 39
2 42
2 48
2 49
3 4
3 12
3 18
3 22
3 23
3 46
3 48
4 13
4 23
4 31
4 42
5 8
5 13
5 19
5 20
5 22
5 25
5 38
5 40
5 49
6 8
6 14
6 15
6 18
6 23
6 30
6 32
6 33
6 36
6 37
6 39
6 44
6 45
7 14
7 16
7 19
7 26
7 29
7 33
7 34
7 41
7 42
7 44
7 45
7 49
8 9
8 17
8 19
8 26
8 33
8 35
8 41
8 43
9 17
9 20
9 22
9 23
9 26
9 31
9 32
9 33
9 39
9 43
9 45
10 18
10 35
10 39
10 41
11 27
11 28
11 31
11 36
11 37
11 38
11 40
11 43
11 45
12 21
12 23
12 29
12 32
12 34
12 37
12 38
12 41
13 16
13 25
13 26
13 28
13 30
13 36
13 38
13 43
13 45
14 15
14 20
14 24
14 25
14 26
14 28
14 34
14 35
14 38
14 40
14 41
14 48
14 49
15 16
15 18
15 22
15 46
15 47
16 23
16 29
16 35
16 36
16 38
16 42
16 47
17 20
17 22
17 23
17 33
18 23
18 24
18 26
18 27
18 28
18 33
18 36
18 39
18 41
18 44
18 48
19 20
19 23
19 28
19 32
19 36
19 37
19 38
19 39
19 42
19 43
20 23
20 27
20 29
20 32
20 34
20 38
20 43
20 44
21 22
21 23
21 25
21 29
21 33
21 43
21 47
22 23
22 26
22 32
22 33
22 37
22 39
22 40
22 44
22 45
22 47
23 25
23 26
23 29
23 33
23 47
24 26
24 30
24 31
24 32
24 43
24 46
24 49
25 27
25 29
25 39
25 40
25 44
25 46
26 29
26 33
26 38
26 41
26 45
26 48
27 33
27 38
27 41
27 42
27 43
28 30
28 32
28 40
28 47
28 48
29 38
29 40
29 41
29 44
29 47
30 31
30 32
30 36
30 39
30 44
30 46
31 41
31 42
31 43
31 44
32 39
32 43
33 34
33 35
33 45
33 49
34 35
34 44
34 47
35 38
35 41
35 43
35 46
35 49
36 40
36 43
36 44
36 46
39 41
39 49
40 45
40 46
41 42
41 43
41 44
42 44
43 45
44 46
47 48
