50 251
0 3
0 10
0 11
0 13
0 14
0 15
0 21
0 26
0 30
0 38
0 40
0 41
0 47
0 48
1 7
1 8
1 10
1 14
1 23
1 24
1 26
1 27
1 29
1 35
1 39
1 42
1 45
2 19
2 25
2 27
2 34
2 36
2 37
2 43
2 44
2 45
2 48
3 8
3 13
3 16
3 18
3 24
3 30
3 34
3 42
3 49
4 7
4 14
4 15
4 17
4 24
4 30
4 32
4 37
4 42
4 48
5 8
5 18
5 19
5 20
5 21
5 22
5 25
5 27
5 29
5 33
5 35
5 37
5 46
5 49
6 11
6 23
6 29
6 30
6 32
6 42
7 8
7 12
7 28
7 34
7 39
7 40
7 42
7 46
7 47
7 49
8 9
8 10
8 17
8 20
8 25
8 31
8 45
8 48
9 13
9 14
9 15
9 17
9 24
9 27
9 30
10 17
10 19
10 21
10 22
10 27
10 28
10 31
10 40
10 43
10 47
11 14
11 17
11 20
11 25
11 31
11 34
11 36
11 38
11 41
11 42
11 46
11 49
12 14
12 26
12 47
12 48
13 14
13 15
13 17
13 19
13 24
13 26
13 32
13 35
13 44
13 48
14 20
14 28
14 29
14 41
14 44
14 46
15 20
15 26
15 29
15 38
16 20
16 23
16 30
16 34
16 39
16 40
16 41
16 43
16 46
17 20
17 25
17 26
17 38
18 33
18 34
18 35
18 38
18 42
19 27
19 32
19 35
19 40
19 46
20 24
20 26
20 28
20 30
20 33
20 36
20 37
20 40
21 27
21 33
21 35
21 37
21 40
21 46
22 29
22 47
23 25
23 26
23 32
23 38
23 40
24 26
24 29
24 31
24 32
24 41
24 46
24 47
25 29
25 32
25 40
25 42
25 48
26 30
26 31
27 36
27 41
27 47
28 36
28 46
28 48
29 32
29 41
29 46
29 47
29 49
30 33
30 34
30 40
31 39
31 45
32 37
32 44
33 35
33 36
33 42
34 38
34 47
35 36
35 41
35 47
36 40
37 41
37 48
38 47
38 49
39 41
39 42
39 48
40 41
40 45
40 46
40 47
41 45
41 47
42 44
43 44
44 47
45 47
45 48
47 48
