50 384
0 1
0 2
0 7
0 8
0 13
0 15
0 16
0 18
0 20
0 21
0 23
0 29
0 35
0 36
0 40
0 42
0 43
0 44
0 46
0 47
0 48
0 49
1 6
1 8
1 12
1 13
1 14
1 15
1 22
1 27
1 29
1 30
1 31
1 41
1 42
1 43
2 3
2 5
2 7
2 8
2 10
2 12
2 18
2 19
2 20
2 24
2 31
2 33
2 35
2 42
2 44
2 47
2 48
3 5
3 12
3 16
3 17
3 18
3 19
3 21
3 26
3 27
3 30
3 31
3 44
3 48
4 6
4 12
4 13
4 17
4 21
4 22
4 24
4 29
4 30
4 33
4 35
4 39
4 41
5 12
5 13
5 14
5 15
5 17
5 21
5 30
5 33
5 36
5 38
5 39
5 41
5 43
5 49
6 9
6 11
6 16
6 18
6 26
6 31
6 35
6 36
6 39
6 41
6 48
6 49
7 8
7 10
7 11
7 14
7 24
7 27
7 34
7 40
7 43
7 44
7 48
8 13
8 20
8 21
8 27
8 28
8 29
8 34
8 38
8 41
8 42
8 44
9 12
9 15
9 17
9 21
9 24
9 35
9 37
9 46
9 48
10 14
10 17
10 21
10 23
10 26
10 30
10 37
10 38
10 40
10 41
10 43
10 44
10 48
11 15
11 24
11 26
11 29
11 31
11 33
11 40
11 44
11 47
11 49
12 14
12 15
12 18
12 20
12 22
12 23
12 26
12 27
12 28
12 33
12 35
12 38
12 44
12 45
12 49
13 14
13 26
13 28
13 33
13 34
13 44
13 48
13 49
14 16
14 17
14 19
14 21
14 25
14 26
14 27
14 38
14 41
14 45
14 48
15 18
15 20
15 21
15 24
15 26
15 29
15 33
15 36
15 44
15 46
16 17
16 20
16 21
16 25
16 26
16 27
16 33
16 34
16 39
16 46
16 49
17 18
17 19
17 20
17 21
17 22
17 24
17 26
17 27
17 30
17 31
17 37
17 41
17 44
17 48
18 20
18 21
18 23
18 36
18 39
19 21
19 22
19 26
19 27
19 29
19 33
19 35
19 38
19 44
19 47
19 49
20 22
20 23
20 26
20 29
20 31
20 32
20 38
20 39
20 40
20 41
20 44
20 47
21 22
21 26
21 28
21 29
21 30
21 31
21 32
21 33
21 36
21 42
21 46
21 48
22 25
22 27
22 28
22 29
22 32
22 36
22 37
22 39
22 40
22 42
22 48
23 28
23 29
23 33
23 34
23 36
23 39
23 40
23 44
23 46
23 49
24 26
24 27
24 28
24 34
24 39
24 40
24 41
24 48
24 49
25 26
25 32
25 39
25 40
25 41
25 47
25 48
26 27
26 32
26 38
26 46
27 30
27 33
27 43
28 32
28 34
28 36
28 37
28 38
28 42
28 45
29 32
29 34
29 35
29 42
29 43
29 45
30 37
30 38
30 39
30 42
30 43
31 32
31 36
31 37
31 42
31 49
32 34
32 37
32 38
32 39
32 43
33 41
33 43
33 47
33 49
34 39
34 41
34 42
34 49
35 36
35 39
35 40
35 41
35 43
35 48
36 37
36 40
36 41
36 43
36 44
36 47
36 49
37 39
37 40
37 45
38 42
38 46
38 48
40 45
40 49
41 43
41 45
41 46
41 48
41 49
42 43
42 44
42 47
42 48
43 46
43 49
44 45
44 49
45 47
47 48
