50 362
0 1
0 6
0 7
0 11
0 16
0 18
0 26
0 28
0 31
0 39
0 44
0 45
0 48
0 49
1 6
1 12
1 13
1 15
1 18
1 20
1 28
1 29
1 30
1 32
1 36
1 43
1 45
2 5
2 29
2 30
2 32
2 41
2 43
2 47
2 49
3 6
3 9
3 21
3 23
3 27
3 49
4 6
4 8
4 10
4 12
4 16
4 17
4 20
4 24
4 27
4 30
4 32
4 37
4 38
4 42
5 6
5 7
5 8
5 9
5 15
5 19
5 21
5 22
5 23
5 26
5 30
5 34
5 35
5 37
5 43
5 47
6 7
6 8
6 10
6 15
6 18
6 20
6 23
6 24
6 25
6 27
6 28
6 31
6 34
6 35
6 37
6 38
6 40
6 41
6 47
6 49
7 13
7 17
7 19
7 20
7 21
7 24
7 25
7 28
7 29
7 37
7 40
7 43
7 45
8 10
8 11
8 13
8 18
8 24
8 27
8 28
8 34
8 36
8 38
8 43
8 45
8 46
9 15
9 18
9 19
9 21
9 27
9 28
9 33
9 42
9 43
9 48
9 49
10 14
10 15
10 19
10 26
10 38
10 43
10 48
11 19
11 25
11 27
11 29
11 30
11 32
11 33
11 35
11 43
11 45
12 17
12 20
12 22
12 23
12 24
12 25
12 32
12 33
12 35
12 39
12 41
12 49
13 14
13 17
13 21
13 22
13 27
13 28
13 30
13 32
13 33
13 41
13 44
14 15
14 25
14 26
14 27
14 31
14 32
14 37
14 42
14 44
14 47
15 28
15 40
15 41
15 42
15 44
16 17
16 18
16 23
16 28
16 31
16 34
16 36
16 38
16 40
16 41
16 47
17 22
17 27
17 28
17 30
17 32
17 35
17 40
17 47
18 20
18 22
18 23
18 24
18 32
18 39
18 43
18 44
18 46
19 22
19 23
19 31
19 33
19 35
19 37
19 39
19 40
19 44
19 47
20 22
20 23
20 24
20 27
20 29
20 30
20 33
20 34
20 35
20 40
20 41
20 42
20 44
20 48
21 22
21 23
21 24
21 25
21 26
21 28
21 31
21 34
21 38
21 40
21 41
21 44
22 25
22 26
22 27
22 32
22 36
22 38
22 43
22 44
22 46
22 48
23 26
23 27
23 29
23 31
23 41
23 42
23 46
23 47
24 25
24 28
24 30
24 34
24 35
24 39
24 41
24 43
24 45
24 49
25 26
25 35
25 36
25 38
25 44
25 46
26 27
26 29
26 31
26 33
26 35
26 37
26 42
26 47
26 49
27 28
27 32
27 34
27 42
27 43
27 44
27 48
27 49
28 30
28 33
28 37
28 43
28 44
28 47
28 48
29 30
29 31
29 33
29 34
29 42
29 48
29 49
30 31
30 33
30 34
30 37
31 39
31 42
31 43
31 47
32 34
32 46
32 48
32 49
33 37
33 38
33 39
33 41
33 42
33 45
34 40
34 45
35 43
35 45
35 46
35 49
36 37
36 41
36 42
36 43
37 39
37 42
37 43
38 48
39 46
39 49
40 45
41 43
41 47
41 49
42 46
42 49
43 44
43 45
44 47
44 48
44 49
45 47
46 48
46 49
47 48
47 49
