50 369
0 3
0 4
0 12
0 13
0 19
0 20
0 21
0 29
0 36
0 40
1 7
1 9
1 11
1 15
1 16
1 17
1 22
1 23
1 26
1 35
1 36
1 38
1 42
1 46
1 47
1 48
1 49
2 3
2 10
2 12
2 14
2 18
2 25
2 30
2 31
2 33
2 34
2 36
2 39
3 7
3 9
3 11
3 12
3 20
3 30
3 31
3 34
3 35
3 43
3 44
3 45
3 48
4 5
4 13
4 17
4 26
4 27
4 29
4 31
4 34
4 35
4 36
4 38
4 40
4 42
4 44
4 45
5 7
5 9
5 12
5 18
5 19
5 26
5 29
5 31
5 38
6 11
6 13
6 17
6 21
6 23
6 24
6 28
6 31
6 32
6 44
6 48
7 11
7 12
7 17
7 19
7 24
7 34
7 36
7 37
7 39
7 43
7 44
8 9
8 13
8 19
8 20
8 22
8 23
8 24
8 25
8 26
8 27
8 28
8 37
8 39
8 40
8 46
8 47
8 48
9 14
9 17
9 18
9 22
9 24
9 26
9 33
9 35
9 41
9 43
9 44
9 45
9 46
9 47
10 15
10 16
10 17
10 18
10 23
10 24
10 25
10 26
10 28
10 36
10 37
10 38
10 40
10 41
10 42
10 43
10 44
11 13
11 15
11 16
11 22
11 28
11 32
11 33
11 37
11 44
11 47
12 15
12 16
12 22
12 26
12 29
12 31
12 41
12 42
12 48
13 16
13 23
13 25
13 26
13 27
13 28
13 29
13 30
13 32
13 33
13 36
13 39
13 41
13 42
13 45
14 15
14 16
14 21
14 24
14 25
14 27
14 34
14 39
14 41
14 44
15 17
15 23
15 24
15 25
15 28
15 29
15 34
15 35
15 37
15 47
15 49
16 17
16 18
16 26
16 31
16 35
16 36
16 40
16 43
16 48
17 23
17 28
17 31
17 40
17 43
17 44
17 49
18 22
18 24
18 27
18 28
18 29
18 31
18 34
18 35
18 36
18 43
18 46
18 48
19 26
19 31
19 32
19 39
19 42
20 27
20 35
20 41
20 42
20 45
20 47
21 23
21 25
21 26
21 28
21 35
21 36
21 37
21 42
21 44
21 47
21 48
21 49
22 24
22 30
22 37
22 38
22 48
22 49
23 24
23 26
23 27
23 33
23 34
23 38
23 42
23 44
23 46
24 25
24 26
24 28
24 30
24 40
24 44
24 49
25 28
25 32
25 34
25 40
25 42
25 45
25 49
26 34
26 36
26 42
26 43
26 47
26 48
27 28
27 29
27 35
27 37
27 38
27 41
27 42
27 43
27 47
27 48
28 31
28 35
28 38
28 41
28 48
29 32
29 33
29 34
29 35
29 37
29 38
29 40
29 46
30 32
30 34
30 36
30 38
30 45
30 48
31 33
31 38
31 39
31 42
31 45
31 47
31 48
32 33
32 39
32 41
32 43
32 46
33 35
33 37
33 38
33 45
33 47
33 48
34 39
34 45
34 46
34 48
35 37
35 40
35 41
35 44
35 49
36 39
36 40
36 41
36 45
37 44
38 41
38 45
38 46
38 48
39 40
39 43
39 48
40 41
41 43
41 47
41 49
42 43
42 44
42 46
42 47
42 48
42 49
43 47
44 47
44 49
48 49
